Reduced conditions
   Rho P_REF
1  0.4  0.5
2  0.8  0.5
3  0.4  0.9
4  0.8  0.9

Original conditions
   Rho P_REF
1  0.4  0.5
2  0.6  0.5
3  0.8  0.5
4  0.4  0.7
5  0.6  0.7
6  0.8  0.7
7  0.4  0.9
8  0.6  0.9
9  0.8  0.9

Final conditions
1000 examinees

   Rho P_REF Damt
1  0.4  0.5  1.0
2  0.6  0.5  1.0
3  0.8  0.5  1.0
4  0.4  0.9  1.0
5  0.6  0.9  1.0
6  0.8  0.9  1.0
7  0.4  0.5  0.5
8  0.6  0.5  0.5
9  0.8  0.5  0.5
10 0.4  0.9  0.5
11 0.6  0.9  0.5
12 0.8  0.9  0.5